43.84, -19.03, 121, 78.02,  +4, +3, 93
37.2, -10.36, 113.48, 76.88, +2, +1, 88
32.12, -1.43, 104.61, 76.82, +2, -1, 88
28.15, 7.73, 94.33, 77.93, -2, -3, 82
25, 17.32, 82.35, 80.34, -9, +3, 75
34.81, -26.71, 126.81, 79.9, +8, +1, 94
28.8, -16.53, 118.94, 77.58, +4, +1, 91
24.44, -6.54, 109.83, 76.71, +2, +2, 87
21.18, 3.31, 99.44, 77.25, -2, +3, 84
18.66, 13.29, 87.53, 79.18, -5, +5, 80
23.29, -32.96, 130.97, 81.99, +7, 0, 94
18.79, -21.27, 122.78, 78.49, +5, +1, 93
15.72, -10.32, 113.44, 76.88, +2, 0, 88
13.49, 0.15, 102.92, 76.93, +2, +2, 88
11.81, 10.48, 91.02, 78.5, -4, +4, 84
9.4, -36.76, 133.26, 83.5, +7, -2, 95
7.46, -24.02, 124.87, 79.15, +5, -1, 93
6.18, -12.44, 115.38, 77.06, +3, +1, 90
5.27, -1.59, 104.78, 76.81, +2, +3, 89
4.6, 8.96, 92.86, 78.17, -3, +7, 84
-5.67, -37.2, 133.52, 83.68, +7, +2, 95
-4.49, -24.34, 125.11, 79.24, +5, +6, 93
-3.72, -12.68, 115.6, 77.08, +2, +9, 90
-3.17, -1.78, 104.99, 76.8, +2, +12, 89
-2.76, 8.79, 93.07, 78.14, -2, +15, 85
-20.01, -34.18, 131.73, 82.46, +6, +2, 95
-16.06, -22.17, 123.47, 78.69, +4, +5, 93
-13.39, -11.01, 114.08, 76.93, +3, +9, 89
-11.47, -0.42, 103.54, 76.88, +2, +12, 88
-10.03, 9.98, 91.64, 78.39, -2, +15, 81