46.66, -29.53, 133.15, 76.37        | 150, 114, 53
29.37, -41.45, 140.36, 81.09        | 147, 52, 44
4.52, -46.58, 142.96, 83.61         | 140, -5, 37
-21.21, -41.45, 140.36, 81.09       | 140, -55, 41
-40.1, -29.52, 133.15, 76.37        | 145, -110, 48

35.27, -15.05, 121.94, 73.11        | 210, 113, 56
20.71, -22.67, 128.2, 74.47         | 207, 55, 54
3.07, -25.59, 130.38, 75.2          | 207, -2, 54
-14.87, -22.67, 128.2, 74.47        | 205, -53, 53
-30.11, -15.05, 121.94, 73.11       | 207, -112, 57

28, -0.74, 107.93, 72.82            | 287, 115, 62
15.91, -6.18, 113.6, 72.57          | 265, 57,58
2.32, -8.13, 115.53, 72.59          | 265, -2, 58
-11.4, -6.18, 113.6, 72.57          | 266, -55, 58
-23.82, -0.74, 107.93, 72.82        | 262, -113, 60

23.09, 13.6, 90.92, 75.48           | 313, 115, 60
12.89, 9.21, 96.43, 74.36           | 318, 58, 59
1.87, 7.7, 98.26, 74.04             | 315, -2, 61
-9.23, 9.21, 96.43, 74.36           | 315, -50, 56
-19.61, 13.6, 90.92, 75.48          | 313, -107,58

19.59, 29.22, 69.34, 81.44          | 383, 118, 79
10.83, 25.06, 75.37, 79.57          | 385, 58, 77
1.56, 23.68, 77.32, 79              | 384, 4, 73
-7.74, 25.06, 75.37, 79.57          | 382, -50, 74
-16.62, 29.22, 69.34, 81.44         | 383, -108, 75

17.78, 42.12, 49.49, 88.4           | 427, 122, 79
9.78, 37.34, 57.04, 85.63           | 430, 60, 84
1.41, 35.83, 59.37, 84.8            | 430, 5, 85
-6.99, 37.34, 57.04, 85.63          | 430, -53, 83
-15.08, 42.12, 49.49, 88.4          | 427, -110, 78

1.31, 47.61, 40.56, 91.83           | 464, 2, 83