50.19, 5.45, 148.53, 26.02      | 93, 107
30.96, -3.21, 159.05, 24.16     | 89, 50
0, -7.71, 163.54, 24.17         | 84, 2
-30.96, -3.21, 159.05, 24.16    | 89, -51
-50.19, 5.45, 148.53, 26.02     | 93, -106
36.87, 13.6, 136.79, 29.61      | 153, 113
20.56, 8.28, 144.62, 27.09      | 149, 54
0, 6.2, 147.52, 26.28           | 144, 3
-20.56, 8.28, 144.62, 27.09     | 155, -55
-36.87, 13.6, 136.79, 29.61     | 155, -112
28.61, 22.44, 122.67, 34.88     | 216, 116
15.26, 18.52, 129.07, 32.41     | 211, 57
0, 17.12, 131.3, 31.58          | 212, 5
-15.26, 18.52, 129.07, 32.41    | 212, -55
-28.61, 22.44, 122.67, 34.88    | 216, -111
23.2, 32.02, 106.42, 41.56      | 277, 117
12.09, 28.72, 112.1, 39.18      | 277, 62
0, 27.6, 114.02, 38.38          | 274, 7
-12.09, 28.72, 112.1, 39.18     | 278, -54
-23.2, 32.02, 106.42, 41.56     | 278, -112
19.44, 42.86, 87.35, 49.79      | 328, 117
10.01, 39.74, 92.89, 47.37      | 332, 62
0, 38.7, 94.72, 46.57           | 330, 9
-10.01, 39.74, 92.89, 47.37     | 333, -52
-19.44, 42.86, 87.35, 49.79     | 337, -108
16.7, 56.38, 63.04, 60.58       | 385, 118
8.53, 52.89, 69.35, 57.76       | 388, 61
0, 51.76, 71.38, 56.86          | 390, 11
-8.53, 52.89, 69.35, 57.76      | 390, -45
-16.7, 56.38, 63.04, 60.58      | 389, -106
14.62, 91.43, -0.4, 88.97       | 453, 127
7.43, 73.81, 31.42, 74.77       | 449, 64
0, 71.65, 35.34, 73.01          | 448, 17
-7.43, 73.81, 31.42, 74.77      | 451,-42
-14.62, 91.43, -0.4, 88.97      | 460, -102